5.760892972374337 Test loss (%)
99.23344850540161 Test accuracy (%)

99.12619153761925 Kappa accuracy (%)
99.23344947735193 Overall accuracy (%)
99.10352280986567 Average accuracy (%)

                              precision    recall  f1-score   support

                     Alfalfa       0.91      1.00      0.96        32
                 Corn-notill       0.99      0.98      0.98      1000
                Corn-mintill       0.99      0.99      0.99       581
                        Corn       0.99      1.00      1.00       166
               Grass-pasture       0.99      0.99      0.99       338
                 Grass-trees       1.00      1.00      1.00       511
         Grass-pasture-mowed       1.00      0.95      0.97        20
               Hay-windrowed       1.00      1.00      1.00       335
                        Oats       1.00      1.00      1.00        14
              Soybean-notill       0.99      0.99      0.99       680
             Soybean-mintill       1.00      1.00      1.00      1719
               Soybean-clean       1.00      0.99      0.99       415
                       Wheat       0.97      1.00      0.99       143
                       Woods       0.99      1.00      1.00       886
Buildings-Grass-Trees-Drives       0.98      1.00      0.99       270
          Stone-Steel-Towers       0.98      0.98      0.98        65

                    accuracy                           0.99      7175
                   macro avg       0.99      0.99      0.99      7175
                weighted avg       0.99      0.99      0.99      7175

[[  32    0    0    0    0    0    0    0    0    0    0    0    0    0
     0    0]
 [   3  978    5    0    0    0    0    0    0    5    3    0    0    4
     2    0]
 [   0    0  576    1    4    0    0    0    0    0    0    0    0    0
     0    0]
 [   0    0    0  166    0    0    0    0    0    0    0    0    0    0
     0    0]
 [   0    0    0    0  333    0    0    0    0    0    0    0    4    1
     0    0]
 [   0    0    0    0    0  509    0    0    0    0    2    0    0    0
     0    0]
 [   0    0    0    0    1    0   19    0    0    0    0    0    0    0
     0    0]
 [   0    0    0    0    0    0    0  335    0    0    0    0    0    0
     0    0]
 [   0    0    0    0    0    0    0    0   14    0    0    0    0    0
     0    0]
 [   0    9    0    0    0    0    0    0    0  671    0    0    0    0
     0    0]
 [   0    1    0    0    0    2    0    0    0    0 1715    0    0    0
     1    0]
 [   0    0    1    0    0    0    0    0    0    1    0  410    0    0
     2    1]
 [   0    0    0    0    0    0    0    0    0    0    0    0  143    0
     0    0]
 [   0    0    0    0    0    0    0    1    0    0    0    0    0  885
     0    0]
 [   0    0    0    0    0    0    0    0    0    0    0    0    0    0
   270    0]
 [   0    0    0    0    0    0    0    0    0    0    0    1    0    0
     0   64]]